-6.109793165758489e-01 3.559554392287167e-01 -3.559554392287167e-01 6.109793165758489e-01 -1.739851287931339e+00 -9.863658022679312e-01 0.000000000000000e+00
-6.202360004479873e-01 3.395692915271996e-01 -3.395692915271996e-01 6.202360004479873e-01 -1.684904794014295e+00 -1.077541570013726e+00 0.000000000000000e+00
-6.290533190204912e-01 3.229425983503943e-01 -3.229425983503943e-01 6.290533190204912e-01 -1.625184906763336e+00 -1.165664625365567e+00 0.000000000000000e+00
-6.374517349599753e-01 3.060315107901755e-01 -3.060315107901755e-01 6.374517349599754e-01 -1.560642540044958e+00 -1.250757715227861e+00 0.000000000000000e+00
-6.452190237923787e-01 2.892964074032199e-01 -2.892964074032199e-01 6.452190237923787e-01 -1.493276364570783e+00 -1.330460709308722e+00 0.000000000000000e+00
-6.525708204498772e-01 2.723074077166723e-01 -2.723074077166723e-01 6.525708204498772e-01 -1.421598947745985e+00 -1.406789405621008e+00 0.000000000000000e+00
-6.594531107044878e-01 2.551893312467717e-01 -2.551893312467717e-01 6.594531107044878e-01 -1.346283186474253e+00 -1.479027241742603e+00 0.000000000000000e+00
-6.659072105264257e-01 2.378394142460717e-01 -2.378394142460717e-01 6.659072105264258e-01 -1.267031847150725e+00 -1.547459304248684e+00 0.000000000000000e+00
-6.718857011369288e-01 2.203851279186908e-01 -2.203851279186908e-01 6.718857011369287e-01 -1.184588929534410e+00 -1.611443163138099e+00 0.000000000000000e+00
-6.775128623243528e-01 2.024260886967449e-01 -2.024260886967449e-01 6.775128623243529e-01 -1.097170230096440e+00 -1.672189428919501e+00 0.000000000000000e+00
-6.826600841958612e-01 1.843236540591027e-01 -1.843236540591027e-01 6.826600841958611e-01 -1.006643209594207e+00 -1.728198324434402e+00 0.000000000000000e+00
-6.873382120676210e-01 1.660306665399074e-01 -1.660306665399074e-01 6.873382120676211e-01 -9.129537719034830e-01 -1.779470542146512e+00 0.000000000000000e+00
-6.915133578284021e-01 1.476796395746155e-01 -1.476796395746155e-01 6.915133578284021e-01 -8.169795475610441e-01 -1.825525792440893e+00 0.000000000000000e+00
-6.951986465453415e-01 1.292239987058338e-01 -1.292239987058338e-01 6.951986465453415e-01 -7.186907920117812e-01 -1.866409265267797e+00 0.000000000000000e+00
-6.983914676186351e-01 1.106768176154748e-01 -1.106768176154748e-01 6.983914676186350e-01 -6.183659606866515e-01 -1.902005136340087e+00 0.000000000000000e+00
-7.010412652892229e-01 9.241831183096390e-02 -9.241831183096390e-02 7.010412652892229e-01 -5.183124020949832e-01 -1.931670845106518e+00 0.000000000000000e+00
-7.032073329812910e-01 7.415825538225490e-02 -7.415825538225490e-02 7.032073329812910e-01 -4.171890318872075e-01 -1.956004425269282e+00 0.000000000000000e+00
-7.049027325994556e-01 5.578653577540269e-02 -5.578653577540269e-02 7.049027325994557e-01 -3.145926520827093e-01 -1.975102899409438e+00 0.000000000000000e+00
-7.061182422459281e-01 3.737683731297797e-02 -3.737683731297797e-02 7.061182422459281e-01 -2.111397333132162e-01 -1.988823776259834e+00 0.000000000000000e+00
-7.068513787491574e-01 1.900337760544624e-02 -1.900337760544624e-02 7.068513787491575e-01 -1.074605092904043e-01 -1.997110973116679e+00 0.000000000000000e+00
-7.071065630970526e-01 5.553603101740984e-04 -5.553603101740984e-04 7.071065630970524e-01 -3.141591361661758e-03 -1.999997532599407e+00 0.000000000000000e+00
-7.068100278992850e-01 -2.048376090985032e-02 2.048376090985032e-02 7.068100278992850e-01 1.158250209613887e-01 -1.996643324311905e+00 0.000000000000000e+00
-7.060687111370881e-01 -3.830111164458862e-02 3.830111164458862e-02 7.060687111370881e-01 2.163457322720992e-01 -1.988264198774310e+00 0.000000000000000e+00
-7.048734262124225e-01 -5.615561431914557e-02 5.615561431914557e-02 7.048734262124224e-01 3.166608021295960e-01 -1.974772375843515e+00 0.000000000000000e+00
-7.032267234683933e-01 -7.397415359372420e-02 7.397415359372420e-02 7.032267234683933e-01 4.161648132244987e-01 -1.956222596800737e+00 0.000000000000000e+00
-7.011376611125181e-01 -9.168413259483707e-02 9.168413259483707e-02 7.011376611125182e-01 5.142655863093925e-01 -1.932752158642659e+00 0.000000000000000e+00
-6.985835712971025e-01 -1.094577266061484e-01 1.094577266061484e-01 6.985835712971024e-01 6.117229564686798e-01 -1.904152048689709e+00 0.000000000000000e+00
-6.955900954556649e-01 -1.271000358142317e-01 1.271000358142317e-01 6.955900954556650e-01 7.072762083555192e-01 -1.870764647168168e+00 0.000000000000000e+00
-6.920879609306000e-01 -1.449629412468036e-01 1.449629412468036e-01 6.920879609306001e-01 8.026168513440216e-01 -1.831885965320606e+00 0.000000000000000e+00
-6.881271820160921e-01 -1.627297802204378e-01 1.627297802204378e-01 6.881271820160921e-01 8.958302807455030e-01 -1.788152149035264e+00 0.000000000000000e+00
-6.837103835071522e-01 -1.803887787100488e-01 1.803887787100488e-01 6.837103835071521e-01 9.866694485778740e-01 -1.739679108123976e+00 0.000000000000000e+00
-6.788577623134477e-01 -1.978689933940601e-01 1.978689933940601e-01 6.788577623134476e-01 1.074599216693648e+00 -1.686782891625771e+00 0.000000000000000e+00
-6.735207359596491e-01 -2.153365232197563e-01 2.153365232197563e-01 6.735207359596491e-01 1.160268908783699e+00 -1.629041454141019e+00 0.000000000000000e+00
-6.676124264440054e-01 -2.330099741589351e-01 2.330099741589351e-01 6.676124264440053e-01 1.244482833871213e+00 -1.565650815539619e+00 0.000000000000000e+00
-6.612404480952829e-01 -2.505215954818056e-01 2.505215954818056e-01 6.612404480952829e-01 1.325240096431475e+00 -1.497911441578004e+00 0.000000000000000e+00
-6.543858487481851e-01 -2.679163320107932e-01 2.679163320107932e-01 6.543858487481850e-01 1.402565250531068e+00 -1.425766712335059e+00 0.000000000000000e+00
-6.470488678311572e-01 -2.851802283441429e-01 2.851802283441429e-01 6.470488678311573e-01 1.476204351023269e+00 -1.349377898892660e+00 0.000000000000000e+00
-6.393356335737828e-01 -3.020760626776141e-01 3.020760626776141e-01 6.393356335737828e-01 1.545023927355729e+00 -1.270000418857521e+00 0.000000000000000e+00
-6.312369298937306e-01 -3.186533199863724e-01 3.186533199863724e-01 6.312369298937306e-01 1.609165947269138e+00 -1.187680493293300e+00 0.000000000000000e+00
-6.227084871044247e-01 -3.350136416448120e-01 3.350136416448120e-01 6.227084871044247e-01 1.668926703583878e+00 -1.102126879295052e+00 0.000000000000000e+00
-6.137561112752411e-01 -3.511458897271816e-01 3.511458897271816e-01 6.137561112752410e-01 1.724143486153917e+00 -1.013572513021648e+00 0.000000000000000e+00
