-6.132037756372196e-01 3.521095419670680e-01 -3.521095419670680e-01 6.132037756372196e-01 -1.727319204576785e+00 -1.008150963645932e+00 0.000000000000000e+00
-6.221521577395505e-01 3.360456704378462e-01 -3.360456704378462e-01 6.221521577395505e-01 -1.672572311695519e+00 -1.096586459039828e+00 0.000000000000000e+00
-6.307077152339152e-01 3.196995119552335e-01 -3.196995119552335e-01 6.307077152339152e-01 -1.613095589973465e+00 -1.182337776444684e+00 0.000000000000000e+00
-6.388074378893245e-01 3.031914532061828e-01 -3.031914532061828e-01 6.388074378893244e-01 -1.549447643300661e+00 -1.264599541621785e+00 0.000000000000000e+00
-6.465751318987446e-01 2.862526834985499e-01 -2.862526834985499e-01 6.465751318987447e-01 -1.480670932715556e+00 -1.344475209519032e+00 0.000000000000000e+00
-6.539172500878482e-01 2.690580421350505e-01 -2.690580421350505e-01 6.539172500878482e-01 -1.407533560215781e+00 -1.420862159699627e+00 0.000000000000000e+00
-6.607802331929848e-01 2.517329605383938e-01 -2.517329605383938e-01 6.607802331929848e-01 -1.330721314935363e+00 -1.493044132628603e+00 0.000000000000000e+00
-6.671842925460909e-01 2.342330458747705e-01 -2.342330458747705e-01 6.671842925460908e-01 -1.250212872022998e+00 -1.561079041761821e+00 0.000000000000000e+00
-6.730304196527451e-01 2.168641377038854e-01 -2.168641377038854e-01 6.730304196527451e-01 -1.167649292851814e+00 -1.623759566223602e+00 0.000000000000000e+00
-6.784070648029414e-01 1.994087621581803e-01 -1.994087621581803e-01 6.784070648029413e-01 -1.082242504253752e+00 -1.681889164596338e+00 0.000000000000000e+00
-6.833469430806781e-01 1.817607091268417e-01 -1.817607091268417e-01 6.833469430806782e-01 -9.936449996320291e-01 -1.735704356941661e+00 0.000000000000000e+00
-6.878278087798787e-01 1.639905651830938e-01 -1.639905651830938e-01 6.878278087798788e-01 -9.023781688836900e-01 -1.784856756247436e+00 0.000000000000000e+00
-6.918338988872609e-01 1.461706412055830e-01 -1.461706412055830e-01 6.918338988872609e-01 -8.090064368648749e-01 -1.829073149196390e+00 0.000000000000000e+00
-6.954007733775920e-01 1.281318242508355e-01 -1.281318242508355e-01 6.954007733775920e-01 -7.128237574265014e-01 -1.868657884913224e+00 0.000000000000000e+00
-6.984877854222854e-01 1.100673140213354e-01 -1.100673140213354e-01 6.984877854222855e-01 -6.150453953451348e-01 -1.903081491073030e+00 0.000000000000000e+00
-7.011056145977073e-01 9.192887021807306e-02 -9.192887021807306e-02 7.011056145977071e-01 -5.156147764281197e-01 -1.932392662563430e+00 0.000000000000000e+00
-7.032525024756791e-01 7.372867665769541e-02 -7.372867665769541e-02 7.032525024756791e-01 -4.147990109099558e-01 -1.956512657906440e+00 0.000000000000000e+00
-7.049270069651074e-01 5.547895863492364e-02 -5.547895863492364e-02 7.049270069651074e-01 -3.128689300804617e-01 -1.975376681190276e+00 0.000000000000000e+00
-7.061018663070953e-01 3.768493595108013e-02 -3.768493595108013e-02 7.061018663070953e-01 -2.128752288537683e-01 -1.988638764818904e+00 0.000000000000000e+00
-7.068293652438954e-01 1.980526265697745e-02 -1.980526265697745e-02 7.068293652438955e-01 -1.119915298585600e-01 -1.996862012568705e+00 0.000000000000000e+00
-7.071040241061863e-01 1.974612072773893e-03 -1.974612072773893e-03 7.071040241061862e-01 -1.117004914165662e-02 -1.999968807257297e+00 0.000000000000000e+00
-7.069275676474314e-01 -1.591898552315571e-02 1.591898552315571e-02 7.069275676474313e-01 9.002855772239313e-02 -1.997972687199308e+00 0.000000000000000e+00
-7.063013249734130e-01 -3.374075192999182e-02 3.374075192999182e-02 7.063013249734130e-01 1.906491023500197e-01 -1.990892493273590e+00 0.000000000000000e+00
-7.052213635177031e-01 -5.160260108009593e-02 5.160260108009593e-02 7.052213635177033e-01 2.911300535581229e-01 -1.978697372494148e+00 0.000000000000000e+00
-7.035859835321455e-01 -7.047527067775980e-02 7.047527067775980e-02 7.035859835321455e-01 3.966833010760464e-01 -1.960265889783172e+00 0.000000000000000e+00
-7.014378415597348e-01 -8.935857221341738e-02 8.935857221341738e-02 7.014378415597348e-01 5.014358721459133e-01 -1.936120364575836e+00 0.000000000000000e+00
-6.987924274733305e-01 -1.081163415304551e-01 1.081163415304551e-01 6.987924274733306e-01 6.044070459808193e-01 -1.906486853552560e+00 0.000000000000000e+00
-6.956344193590797e-01 -1.268572213275865e-01 1.268572213275865e-01 6.956344193590795e-01 7.059699959977749e-01 -1.871257963176350e+00 0.000000000000000e+00
-6.919865890564634e-01 -1.454460744262331e-01 1.454460744262331e-01 6.919865890564634e-01 8.051738634708921e-01 -1.830763515471989e+00 0.000000000000000e+00
-6.879563945119709e-01 -1.634502959620733e-01 1.634502959620733e-01 6.879563945119710e-01 8.995734103358602e-01 -1.786272005999285e+00 0.000000000000000e+00
-6.834578468750309e-01 -1.813432423470668e-01 1.813432423470668e-01 6.834578468750308e-01 9.915236956789053e-01 -1.736917027640424e+00 0.000000000000000e+00
-6.784940087070406e-01 -1.991127322615262e-01 1.991127322615262e-01 6.784940087070407e-01 1.080774367173877e+00 -1.682832958810798e+00 0.000000000000000e+00
-6.730682593340377e-01 -2.167466684335620e-01 2.167466684335620e-01 6.730682593340378e-01 1.167082422712235e+00 -1.624167053783612e+00 0.000000000000000e+00
-6.671842925460909e-01 -2.342330458747705e-01 2.342330458747705e-01 6.671842925460908e-01 1.250212872022998e+00 -1.561079041761821e+00 0.000000000000000e+00
-6.608021985218783e-01 -2.516752956264324e-01 2.516752956264324e-01 6.608021985218783e-01 1.330460709308722e+00 -1.493276364570783e+00 0.000000000000000e+00
-6.539641996150228e-01 -2.689439079471455e-01 2.689439079471455e-01 6.539641996150227e-01 1.407037500015931e+00 -1.421353395024939e+00 0.000000000000000e+00
-6.466750135415005e-01 -2.860269687653598e-01 2.860269687653598e-01 6.466750135415006e-01 1.479731951196587e+00 -1.345508585111199e+00 0.000000000000000e+00
-6.389661009894002e-01 -3.028569328683158e-01 3.028569328683158e-01 6.389661009894002e-01 1.548122508419810e+00 -1.266221425708771e+00 0.000000000000000e+00
-6.306798137868904e-01 -3.197545503690810e-01 3.197545503690810e-01 6.306798137868905e-01 1.613301922274263e+00 -1.182056220146135e+00 0.000000000000000e+00
-6.219467630537926e-01 -3.364256588414586e-01 3.364256588414586e-01 6.219467630537927e-01 1.673910796197478e+00 -1.094542208584724e+00 0.000000000000000e+00
-6.127731351440904e-01 -3.528584487378508e-01 3.528584487378508e-01 6.127731351440903e-01 1.729777423161385e+00 -1.003927321234540e+00 0.000000000000000e+00
