-6.149476415057394e-01 3.490550074222238e-01 -3.490550074222238e-01 6.149476415057393e-01 -1.717204428560519e+00 -1.025284814347770e+00 0.000000000000000e+00
-6.236125064933355e-01 3.333278292388732e-01 -3.333278292388732e-01 6.236125064933357e-01 -1.662939224605090e+00 -1.111140466039205e+00 0.000000000000000e+00
-6.318752361798170e-01 3.173857052589178e-01 -3.173857052589178e-01 6.318752361798169e-01 -1.604385339764611e+00 -1.194130512778395e+00 0.000000000000000e+00
-6.397567879787850e-01 3.011830875648030e-01 -3.011830875648030e-01 6.397567879787851e-01 -1.541471397551933e+00 -1.274309982119457e+00 0.000000000000000e+00
-6.473471530291369e-01 2.845024841105454e-01 -2.845024841105454e-01 6.473471530291369e-01 -1.473374984949431e+00 -1.352466692279431e+00 0.000000000000000e+00
-6.545260397033830e-01 2.675736596718848e-01 -2.675736596718848e-01 6.545260397033829e-01 -1.401071422351836e+00 -1.427234693198355e+00 0.000000000000000e+00
-6.612623077108807e-01 2.504638904131302e-01 -2.504638904131302e-01 6.612623077108808e-01 -1.324978641382653e+00 -1.498142716792956e+00 0.000000000000000e+00
-6.675514016973992e-01 2.331847466963427e-01 -2.331847466963427e-01 6.675514016973992e-01 -1.245302436092773e+00 -1.564998991265300e+00 0.000000000000000e+00
-6.734455283013465e-01 2.155716131843898e-01 -2.155716131843898e-01 6.734455283013466e-01 -1.161405911421880e+00 -1.628231036712638e+00 0.000000000000000e+00
-6.788750270556387e-01 1.978097511251805e-01 -1.978097511251805e-01 6.788750270556386e-01 -1.074304801175809e+00 -1.686970418878353e+00 0.000000000000000e+00
-6.838361520057403e-01 1.799114148962815e-01 -1.799114148962815e-01 6.838361520057404e-01 -9.842394373166510e-01 -1.741055062320144e+00 0.000000000000000e+00
-6.883113502433733e-01 1.619490201456753e-01 -1.619490201456753e-01 6.883113502433732e-01 -8.917707898164879e-01 -1.790180118990845e+00 0.000000000000000e+00
-6.923273671449141e-01 1.438152172135879e-01 -1.438152172135879e-01 6.923273671449139e-01 -7.965376855108579e-01 -1.834537466382468e+00 0.000000000000000e+00
-6.957448582766977e-01 1.262501175505893e-01 -1.262501175505893e-01 6.957448582766979e-01 -7.027029611412099e-01 -1.872487262547699e+00 0.000000000000000e+00
-6.987072975808498e-01 1.086651384173686e-01 -1.086651384173686e-01 6.987072975808497e-01 -6.074010016387886e-01 -1.905535101541873e+00 0.000000000000000e+00
-7.012253485103831e-01 9.101104661793383e-02 -9.101104661793383e-02 7.012253485103831e-01 -5.105540230636429e-01 -1.933735915148066e+00 0.000000000000000e+00
-7.033038034195672e-01 7.323769586470268e-02 -7.323769586470268e-02 7.033038034195672e-01 -4.120668004426473e-01 -1.957089919235435e+00 0.000000000000000e+00
-7.049270069651074e-01 5.547895863492364e-02 -5.547895863492364e-02 7.049270069651074e-01 -3.128689300804617e-01 -1.975376681190276e+00 0.000000000000000e+00
-7.061280032806522e-01 3.719197471067186e-02 -3.719197471067186e-02 7.061280032806522e-01 -2.100983587240899e-01 -1.988934056136966e+00 0.000000000000000e+00
-7.068546846982606e-01 1.888000847782025e-02 -1.888000847782025e-02 7.068546846982606e-01 -1.067633795175209e-01 -1.997148362239020e+00 0.000000000000000e+00
-7.071065630970526e-01 5.553603101740984e-04 -5.553603101740984e-04 7.071065630970524e-01 -3.141591361661758e-03 -1.999997532599407e+00 0.000000000000000e+00
-7.068834692871976e-01 -1.776966089984909e-02 1.776966089984909e-02 7.068834692871976e-01 1.004886363595391e-01 -1.997473913212035e+00 0.000000000000000e+00
-7.061855531235623e-01 -3.608274600925466e-02 3.608274600925466e-02 7.061855531235622e-01 2.038489115901001e-01 -1.989584283523453e+00 0.000000000000000e+00
-7.050132834050507e-01 -5.437159389267410e-02 5.437159389267410e-02 7.050132834050505e-01 3.066615674739213e-01 -1.976349838220561e+00 0.000000000000000e+00
-7.032974095469459e-01 -7.329907042081364e-02 7.329907042081364e-02 7.032974095469460e-01 4.124083707932593e-01 -1.957017970203557e+00 0.000000000000000e+00
-7.010734826553038e-01 -9.217359664005506e-02 9.217359664005506e-02 7.010734826553037e-01 5.169637152424688e-01 -1.932032224659491e+00 0.000000000000000e+00
-6.983527915735184e-01 -1.109205954792624e-01 1.109205954792624e-01 6.983527915735183e-01 6.196936599675189e-01 -1.901572971988207e+00 0.000000000000000e+00
-6.951195783926136e-01 -1.296486472558628e-01 1.296486472558628e-01 6.951195783926136e-01 7.209705041573441e-01 -1.865529826117799e+00 0.000000000000000e+00
-6.913842197385709e-01 -1.482830425115685e-01 1.482830425115685e-01 6.913842197385708e-01 8.201644451785770e-01 -1.824097114428099e+00 0.000000000000000e+00
-6.872802145579520e-01 -1.662705827173755e-01 1.662705827173755e-01 6.872802145579519e-01 9.141958541173884e-01 -1.778832746582595e+00 0.000000000000000e+00
-6.827243836975769e-01 -1.840853495114796e-01 1.840853495114796e-01 6.827243836975770e-01 1.005436454343824e+00 -1.728900672761891e+00 0.000000000000000e+00
-6.776892544111577e-01 -2.018347701850429e-01 2.018347701850429e-01 6.776892544111578e-01 1.094250039367593e+00 -1.674101804354807e+00 0.000000000000000e+00
-6.722119095725581e-01 -2.193881232628946e-01 2.193881232628946e-01 6.722119095725581e-01 1.179802474208721e+00 -1.614950810969480e+00 0.000000000000000e+00
-6.662593194864935e-01 -2.368512596491615e-01 2.368512596491615e-01 6.662593194864935e-01 1.262434872586953e+00 -1.551211846420844e+00 0.000000000000000e+00
-6.598309658774126e-01 -2.542107324038085e-01 2.542107324038085e-01 6.598309658774126e-01 1.341888904787276e+00 -1.483015228245754e+00 0.000000000000000e+00
-6.529503970836114e-01 -2.713959818205755e-01 2.713959818205755e-01 6.529503970836115e-01 1.417664912773131e+00 -1.410753768413167e+00 0.000000000000000e+00
-6.456223287032493e-01 -2.883952299879344e-01 2.883952299879344e-01 6.456223287032492e-01 1.489555199773755e+00 -1.334625530561651e+00 0.000000000000000e+00
-6.378517830283488e-01 -3.051968264703228e-01 3.051968264703228e-01 6.378517830283488e-01 1.557362719509511e+00 -1.254839176899549e+00 0.000000000000000e+00
-6.293349000407960e-01 -3.223935228732757e-01 3.223935228732757e-01 6.293349000407960e-01 1.623147963930024e+00 -1.168499331274869e+00 0.000000000000000e+00
-6.203544947021589e-01 -3.393527676369077e-01 3.393527676369077e-01 6.203544947021589e-01 1.684152117545384e+00 -1.078717592777367e+00 0.000000000000000e+00
-6.109482512774269e-01 -3.560087558769503e-01 3.560087558769503e-01 6.109482512774269e-01 1.740023414739801e+00 -9.860621259115681e-01 0.000000000000000e+00
